1
12
13
21
22
37
50
64
66
87
93
99
141
147
158
0
11
30
40
42
49
57
101
102
106
123
126
128
138
144
19
23
45
59
69
72
81
88
111
120
133
137
146
8
25
39
70
80
95
98
156
53
55
76
103
105
124
125
154
161
28
97
112
140
34
44
58
129
150
79
90
132
152
163
4
9
31
60
62
148
10
77
96
131
149
68
122
134
164
20
24
116
119
41
52
78
92
127
2
14
91
135
29
67
86
145
84
75
159
63
136
89
3
26
139
32
33
35
71
153
108
118
142
47
117
36
114
46
61
82
104
107
83
100
18
143
74
5
17
109
155
48
85
157
15
43
151
121
51
94
16
6
38
73
110
130
115
54
56
