26
48
75
77
78
93
101
122
123
150
156
21
27
36
46
64
99
105
118
125
141
143
149
158
3
40
49
68
92
106
121
129
144
0
4
9
10
15
28
39
44
57
87
102
104
120
127
142
157
161
12
18
42
47
66
112
126
34
58
79
62
80
84
22
91
134
137
164
2
53
163
74
89
108
147
148
20
33
76
85
81
96
11
114
153
159
30
61
100
71
131
6
8
16
38
73
110
116
130
135
5
52
55
60
128
82
32
43
1
13
119
154
151
41
86
152
19
69
111
124
155
25
67
50
103
23
107
138
24
56
63
72
83
88
90
95
98
109
117
146
133
136
139
94
97
31
45
160
132
59
51
115
37
