2
31
36
55
63
96
111
120
136
3
30
41
48
75
77
84
90
106
123
129
144
163
12
44
85
107
116
153
29
35
42
152
9
19
28
68
80
99
119
137
25
72
93
95
109
117
138
161
33
66
78
126
127
164
49
121
34
40
79
83
101
67
94
122
135
150
156
0
10
86
104
24
73
143
4
21
74
102
13
50
64
87
141
158
6
70
88
98
52
60
134
26
133
18
159
45
154
53
57
91
148
103
112
125
145
131
1
37
58
124
22
108
118
132
157
81
89
92
14
20
59
105
56
147
114
146
11
128
5
62
149
23
69
142
46
110
39
162
27
8
51
76
17
160
97
140
155
100
113
16
130
32
47
43
115
15
151
71
61
139
38
82
65
54
7
