2
31
36
38
55
63
96
111
120
136
3
30
41
48
75
77
84
89
90
106
123
129
144
163
12
44
85
107
116
143
153
5
24
29
35
42
100
108
140
152
161
9
19
28
68
80
99
112
119
137
141
25
45
72
93
95
109
117
138
33
66
78
126
127
164
49
121
133
34
40
79
83
101
32
67
94
122
135
150
156
0
4
10
86
104
73
98
21
74
102
1
13
22
37
50
64
87
147
158
6
70
88
52
60
134
26
18
159
154
53
57
91
148
58
103
69
125
132
145
131
124
146
118
157
39
81
92
14
20
59
105
54
56
114
128
155
162
11
43
62
130
149
23
142
46
110
8
76
51
27
17
160
97
113
16
47
115
15
61
151
139
71
82
65
7
